1,67574441526,Andrew,Clements,05288790306,1,3,1923,256
2,35612202208,Ashanti,Jacobson,05883207189,1,3,1989,437
3,66266404636,Valery,Hughes,05418426538,1,7,1973,181
4,34379057198,Amya,Gould,05914134482,1,9,1936,382
5,57133217861,Cordell,Mccarty,05617173955,1,10,1918,147
6,68200384483,Nehemiah,Riggs,05494821362,1,4,1978,409
7,89523860033,Xiomara,Galvan,05710764466,1,7,1936,246
8,94610053555,Mia,Bullock,05474492655,1,0,1981,400
9,96521766707,Alondra,Woodard,05440912107,1,6,1915,259
10,40305688401,Abraham,Mueller,05542948959,1,1,1956,500
11,72143185798,Dayana,Baird,05305538527,1,8,1940,22
12,38236437949,Adonis,Hurst,05775944493,1,6,1940,177
13,35071187645,Saige,Barber,05496821578,1,3,1936,106
14,77652270609,Rafael,Soto,05275889419,1,8,1947,50
15,16582363502,Demarcus,Chang,05415726749,1,9,1933,311
16,99036229368,Malaki,Odonnell,05896330223,1,6,1973,21
17,97245331779,Adeline,Jones,05216905661,1,2,1981,421
18,53691984295,Edward,Gardner,05818196834,1,3,1925,482
19,16012642352,Arturo,Herman,05251670913,1,8,1949,398
20,29742443426,Riley,Levy,05850708501,1,2,1957,411
21,41565693957,Nathaniel,Ingram,05194192058,1,0,1935,333
22,93587896562,Ernesto,Ortega,05954959859,1,9,1978,408
23,37950095773,Lillie,Ray,05591591757,1,1,1925,346
24,18211586258,Sadie,Durham,05161826258,1,1,1953,362
25,62418357020,Carolyn,Chavez,05962141182,1,10,1990,461
26,85153748185,Kai,Mercado,05465242022,1,0,1978,423
27,81537408970,Dalia,Davidson,05150966449,1,4,1955,428
28,46159065158,Jensen,Drake,05765342409,1,0,1920,282
29,62219123666,Malcolm,Joyce,05424343927,1,10,1950,45
30,53268435867,Ben,Walters,05823083132,1,3,1932,116
31,32368828396,Annika,Alvarado,05854780256,1,4,1974,438
32,47092960425,Xzavier,Hendricks,05976148809,1,2,1964,466
33,16759903177,Alannah,Goodwin,05537249751,1,1,1978,345
34,34906355175,Pierce,Pearson,05339491689,1,6,1941,441
35,36755365763,Amanda,Lara,05961187888,1,1,1931,98
36,59463790401,Iliana,Mcintosh,05111552448,1,6,1964,2
37,85709277618,Sage,Whitehead,05447123566,1,6,1973,293
38,21000599542,Pierre,Benitez,05165822072,1,6,1963,298
39,91389980411,Kyleigh,Chase,05473025277,1,10,1981,471
40,59544933745,Emmalee,Pugh,05215137186,2,8,2015,45
41,99821407671,Lena,Reyes,05344903056,1,5,1946,367
42,11579278957,Harrison,Farley,05470678721,2,4,2009,362
43,49018445598,Ricardo,Escobar,05316020743,1,6,1971,16
44,67424949792,Armani,Lester,05272925271,1,0,1959,257
45,57356847587,Laura,Gallagher,05793203883,2,1,2016,21
46,97928732991,Rigoberto,Strickland,05334842271,1,10,1949,96
47,73612132804,Bryce,Richardson,05538550754,1,8,1921,232
48,45331261526,Sterling,Moon,05665972121,1,1,1975,86
49,74296221320,Devyn,Peck,05562252819,1,8,1966,123
50,14642233201,Jalen,Leach,05359816804,1,1,1930,310
51,31548182872,Karli,Hayes,05107770756,1,2,1977,474
52,61830031362,Marcel,Wolfe,05693281926,1,1,1973,30
53,37190977585,Serena,Montoya,05534415789,1,10,1917,432
54,17974304008,Viviana,Underwood,05907133822,1,1,1947,385
55,51825986839,Maya,Hunter,05781189713,1,9,1960,134
56,29324732558,Bradley,Rodriguez,05513219887,1,4,1966,156
57,76174622331,Rogelio,West,05684143638,1,0,1976,43
58,25091403307,Adrienne,Tucker,05168939859,1,9,1962,141
59,92431691243,Gregory,Young,05826696394,1,2,1929,152
60,82790276968,Corey,Reynolds,05619447618,2,2,2016,474
61,69954205988,Brandon,Morrison,05234221381,1,0,1928,48
62,57367657829,Emerson,Bean,05881793047,1,1,1982,468
63,65343934548,Reese,Harrell,05403649315,1,3,1921,61
64,37432311040,Stanley,Hooper,05741401202,1,0,1931,140
65,11337490659,Mohammed,Pacheco,05341012720,1,10,1941,107
66,22037730751,Felipe,Griffin,05929294593,1,6,1964,124
67,79629381250,Hannah,Little,05965854783,1,2,1983,458
68,29762128136,Leo,Wilkerson,05508859156,2,3,2004,177
69,79039500931,Arely,Serrano,05859297029,2,9,2000,232
70,75360856141,Xavier,Booker,05411282482,1,4,1983,340
71,97379564241,Carly,Jackson,05275493074,1,9,1928,254
72,22365162233,Nelson,Lyons,05560089539,1,1,1967,127
73,98765056923,Marquis,Hampton,05393860091,1,8,1935,489
74,60215514671,Lily,Heath,05116561559,1,9,1978,75
75,45282805734,Dustin,Morrow,05423285670,1,2,1982,63
76,28667407654,Jude,Herring,05149527381,1,7,1924,157
77,62921459508,Brennen,Franklin,05176637636,1,2,1956,429
78,91964797976,Reuben,Rice,05706460817,1,2,1939,29
79,24374224138,Sophia,Spencer,05376435630,1,5,1944,227
80,84343338750,Landyn,Ochoa,05684817102,1,2,1939,97
81,76241433584,Anabel,Cameron,05830178905,1,0,1988,478
82,75923696451,Javier,Short,05848384864,1,1,1962,155
83,62713618836,Margaret,Castaneda,05100785203,1,8,1920,267
84,57430774480,Yesenia,Suarez,05109755691,1,9,1953,198
85,21808909276,Meghan,Bridges,05797162709,2,3,2016,116
86,87838176262,Kobe,Woodward,05281177425,2,5,2016,140
87,28414694012,Deangelo,Richmond,05560109680,1,2,1936,313
88,34460997754,Kathryn,Singleton,05797367862,1,6,1918,185
89,65023565682,Jair,Guerra,05701952421,1,7,1941,285
90,41555000372,Delaney,Beltran,05877378951,2,5,2011,333
91,66573441422,Francesca,Hawkins,05631636876,1,6,1920,132
92,42063404184,Trey,Faulkner,05851191794,1,1,1959,137
93,16819085926,Corbin,Nicholson,05972321580,1,2,1985,292
94,39166078743,Emmy,Shea,05412079261,2,2,2004,181
95,41370801883,Samantha,Schroeder,05958550914,1,7,1934,208
96,76828701361,Kareem,Giles,05454679930,1,4,1930,67
97,93002149694,Jayleen,Frost,05929018673,2,8,2005,466
98,42114450505,Gabriela,Summers,05861866677,1,9,1924,391
99,40219706190,Levi,Donovan,05453670753,1,3,1948,167
100,52203690629,Jocelyn,Browning,05758885943,1,0,1967,412
101,97559547116,Ross,Nelson,05773678330,1,7,1922,303
102,39802543292,Kaitlynn,Brown,05150776000,1,0,1933,9
103,63258027739,Quinn,Horton,05664359177,1,2,1966,195
104,47520340276,Darion,Flynn,05947762830,1,3,1941,88
105,38316716319,Benjamin,Miranda,05151261640,1,9,1975,406
106,70752059634,Dalton,Parsons,05202681210,2,8,2002,412
107,89805764943,Saniyah,Mathews,05936229797,1,8,1951,270
108,43498513288,Adam,Beasley,05400392684,1,4,1937,70
109,16245305218,Brody,Stewart,05128221873,1,0,1967,131
110,94087799140,Jabari,Carpenter,05119210619,1,10,1951,202
111,42161801640,Amani,Dalton,05863692679,1,10,1926,11
112,90619149142,Cecilia,Boyle,05498738359,1,6,1925,479
113,84309706220,Jaden,Hartman,05654096721,2,0,2008,400
114,38752166367,Aiyana,Becker,05930213108,1,10,1972,279
115,72748462388,Avery,Spence,05220150626,2,8,2013,156
116,87222703091,Isabelle,Gentry,05240022876,2,0,2007,259
117,35653591406,Kody,Bradford,05697562317,1,0,1934,79
118,53026823938,Juliet,Mcdowell,05525355788,1,5,1968,435
119,75810783760,Ricky,Bartlett,05179433693,1,9,1925,442
120,66872954016,Braiden,Rowe,05978199808,2,10,2000,441
121,64278820061,Rylee,Bentley,05710084844,1,3,1972,242
122,84565262607,Kaylen,Martinez,05416524830,1,5,1933,271
123,65162946672,Axel,Matthews,05178893217,1,4,1938,447
124,34251086359,Mckenna,Brandt,05472677563,1,3,1964,192
125,28128906913,Jackson,Howell,05751795149,1,7,1959,191
126,35778144682,Theodore,Fitzpatrick,05150701355,1,7,1940,109
127,56158556082,Kayleigh,Townsend,05820352530,2,1,2015,311
128,13899033930,Ruth,Cantu,05745525191,1,0,1961,456
129,10688465601,Clark,Jefferson,05124744092,1,1,1929,237
130,62348111423,Miya,Gross,05721406712,1,9,1916,245
131,84370036440,Larissa,Gonzales,05607421278,1,5,1945,136
132,24057492809,Isabella,Orr,05848797536,1,9,1969,33
133,90253824408,Miley,Fields,05933422886,2,7,2011,75
134,16552250052,Julien,Fletcher,05825425558,1,7,1965,354
135,85863312571,Lewis,Craig,05442843562,1,6,1920,394
136,75916641039,Jovani,Peterson,05898460179,1,8,1936,120
137,48119212065,Evelyn,Davila,05651140952,1,1,1929,366
138,68785884113,Kamden,Trujillo,05691337348,1,1,1950,338
139,28707376299,Lucy,Kent,05390145115,1,9,1965,454
140,23286245636,Ezekiel,Hardy,05271133812,2,3,2003,298
141,66389011564,Kaelyn,Bond,05996024414,1,5,1945,169
142,96195262348,Douglas,Savage,05968613157,1,8,1973,19
143,87631865513,Heidi,Clay,05805833428,1,5,1980,488
144,38430963718,Reagan,Bird,05281840980,1,10,1975,194
145,22012094385,Kane,Sherman,05125171804,1,1,1977,74
146,60715651297,Dylan,Randall,05821230988,1,2,1941,364
147,62727763724,Katie,Hester,05792198987,1,5,1941,41
148,82555054126,Roland,Mayo,05620919933,1,1,1947,162
149,85863881766,Lillian,Rubio,05498116640,1,8,1960,138
150,84979760414,Greyson,Maddox,05722168751,2,8,2012,50
151,51362137288,Cloe,Buck,05852500805,1,1,1940,465
152,37830069115,Humberto,Foley,05259226647,1,7,1975,78
153,53100139940,Jeremy,Thomas,05344367489,1,10,1967,493
154,94659359527,Leroy,Vasquez,05267626597,1,10,1949,495
155,56436969424,Arjun,Horne,05820227425,1,6,1944,446
156,68838461907,Solomon,Frazier,05319932117,1,9,1983,117
157,91725215115,Johan,Marsh,05637477139,2,0,2012,169
158,34947400475,Johanna,Montgomery,05770922025,1,1,1928,326
159,77780703130,Broderick,Ferguson,05657068280,2,1,2007,106
160,63267982753,Miracle,Reeves,05373568988,2,3,2002,435
161,79607609366,Kamren,Rhodes,05239789874,1,8,1919,128
162,73122960157,Wilson,Davenport,05263757577,1,1,1959,283
163,33102313347,Ali,Dickerson,05167928405,1,7,1923,463
164,30761963915,Lilyana,Cohen,05208244617,1,5,1964,369
165,70173783502,Kaitlin,Colon,05946401967,1,7,1952,485
166,58865310720,Harley,Wilson,05732714175,1,10,1961,405
167,74926089145,Christine,Frey,05241972148,1,9,1929,189
168,39163197124,Aliya,Vance,05724546319,1,7,1920,8
169,15231051809,Troy,Duran,05236385640,2,9,2006,177
170,25963289213,Karen,Mayer,05604683763,1,3,1951,361
171,11901390492,Zoie,Medina,05104902891,1,5,1985,281
172,95162838277,Maia,Delgado,05789386681,1,5,1939,470
173,15632178274,Lilian,Barr,05321751475,1,3,1986,264
174,88511479286,Lucille,Velez,05548456574,1,2,1972,291
175,30162898398,Gabrielle,Roberts,05881786818,1,8,1919,273
176,69996435265,Gisselle,Dixon,05402876289,2,4,2001,391
177,63926437343,Marlene,Nichols,05651252991,1,1,1975,193
178,73501153317,Nathaly,Rush,05968672993,2,2,2006,366
179,83323315556,Jonah,Santana,05560450694,1,6,1932,351
180,68803822962,Raymond,Mcconnell,05968788811,1,8,1952,403
181,40148436287,Sebastian,Rangel,05439768916,2,3,2012,394
182,81871992275,Deven,Russell,05163008140,2,0,2006,41
183,91113236145,Aryanna,Wells,05902924592,2,4,2002,152
184,93313169531,Cesar,Curtis,05920506169,1,9,1981,331
185,83471243410,Annabelle,Rollins,05955273079,1,7,1935,17
186,54681554110,Shiloh,Monroe,05198619980,1,1,1967,18
187,92195726988,Emma,Alexander,05949691227,1,10,1954,82
188,42177674686,Omari,Ramsey,05625146150,2,8,2013,254
189,97090454580,Anabelle,Krause,05287783671,1,7,1991,348
190,47591732657,Monique,Harris,05618800615,1,8,1947,102
191,34943359545,Daniel,Estrada,05586596308,1,7,1974,224
192,77065687316,Reynaldo,Huynh,05263940167,1,1,1954,334
193,51753328076,Haylee,Gilbert,05460497151,2,9,2014,461
194,79983018462,Franklin,Kelley,05104667336,2,4,2001,470
195,25379122013,Marques,Gibson,05177114251,1,4,1953,211
196,46910444842,Annabella,Fischer,05127460779,1,0,1942,170
197,35271928080,Moshe,Lopez,05478788402,1,10,1926,419
198,75629797807,Kamora,Sampson,05338768052,1,5,1929,221
199,60122849150,Laney,Daugherty,05461315481,1,7,1959,108
200,79666297028,Lawson,Holt,05946058764,1,9,1974,322
201,45444903983,Alexis,Shields,05263691830,1,5,1986,27
202,24744511404,Dante,Byrd,05704126745,2,0,2002,227
203,16471433801,Alyvia,Pena,05679675699,1,9,1935,230
204,48592171224,Belinda,Harding,05401338936,1,4,1925,392
205,87153933559,Kaiya,Cisneros,05187072963,1,10,1960,343
206,80653041457,Zayne,Holder,05340253317,1,1,1947,118
207,10753286158,Cale,Olson,05626055799,2,2,2000,412
208,45401784321,Izaiah,Vaughan,05765400735,1,7,1979,315
209,52569401906,Chaya,Brady,05387623561,1,4,1985,335
210,84186639668,Ace,Graves,05142897960,2,9,2008,351
211,85782766465,Cael,Cochran,05735756587,1,5,1986,486
212,74214508605,Meredith,Fowler,05620223869,2,6,2014,333
213,47461498434,Camren,Mata,05455280949,1,0,1963,52
214,63567262140,Sabrina,Todd,05601315944,1,0,1981,210
215,51143587389,Luciano,Avila,05340844449,1,7,1970,103
216,36995721784,Ernest,Crane,05468709873,1,10,1939,484
217,15751003071,Jordon,Mcmillan,05775289813,1,4,1983,415
218,22774896524,Josephine,Dean,05114330315,1,0,1959,475
219,62757306937,Dominique,Mccann,05609362511,1,0,1964,174
220,83257084523,Diya,Allen,05612306943,1,7,1949,35
221,82741849797,Joselyn,Rosales,05626199565,1,1,1919,306
222,55642052126,Freddy,Coffey,05588508726,1,6,1940,418
223,32475347919,Randy,Riley,05356517839,1,8,1984,277
224,15481639654,Dangelo,Owens,05509774267,2,3,2008,210
225,75728566305,Elliott,Lawson,05485909508,2,7,2001,16
226,45234830396,Beatrice,Henderson,05187154695,1,1,1939,23
227,99448304330,Richard,Cunningham,05676108297,1,5,1975,268
228,27770567965,Russell,Ross,05684994485,1,8,1980,143
229,26657939427,Danica,Kaiser,05750330957,1,9,1935,352
230,81004236865,Ignacio,Ferrell,05464020145,1,7,1983,135
231,19388625946,Kira,Winters,05164047908,2,2,2009,128
232,27215972668,Jazmin,Green,05953915540,2,8,2017,405
233,54762326833,Juan,Simon,05951700200,1,8,1921,165
234,56024719714,Bennett,Hall,05138261513,1,10,1960,497
235,33472916224,Jorden,Hood,05706310339,1,9,1914,356
236,33296747945,Brielle,Parker,05423400712,1,8,1956,58
237,72387345847,Howard,Stark,05969240031,1,3,1976,146
238,47935604769,Gage,Moss,05346234109,2,9,2011,191
239,25262622443,Paloma,Novak,05106195767,1,3,1922,402
240,82743248362,Harmony,Villanueva,05409632282,1,2,1926,296
241,20438226027,Slade,Roach,05274342813,2,1,2010,470
242,10618523226,Jaidyn,Dodson,05809592450,1,10,1946,327
243,22548581074,Lee,Hoffman,05810626493,1,0,1945,226
244,91745046291,Wendy,Davies,05188905097,2,5,2005,267
245,65187638061,Presley,Freeman,05831538939,1,6,1957,77
246,58192141094,Gracelyn,Horn,05515505677,1,10,1971,258
247,54997590044,George,Fox,05419295655,1,1,1927,84
248,27663153580,Sariah,Galloway,05777793882,2,7,2002,429
249,53067408545,Jamiya,Hodges,05121349805,2,8,2001,495
250,32823268882,Lara,Lang,05670997026,2,6,2008,493
251,53948823459,Milagros,Grimes,05823951567,2,8,2000,152
252,80192127654,Kaylynn,Delacruz,05631598457,2,8,2013,403
253,34577461104,Morgan,Lewis,05582347416,2,4,2010,224
254,64881934238,Chanel,Compton,05903655518,2,6,2002,354
255,77745927559,Zachary,Hernandez,05154796071,1,0,1981,15
256,34105003087,Javion,Rojas,05941168692,1,1,1972,83
257,12655163314,Anna,Benjamin,05782559851,2,10,2017,315
258,44653665466,Alfonso,Park,05908672058,1,7,1988,178
259,85895627504,Dayami,Buchanan,05529064329,1,5,1963,59
260,91033418595,Angelo,Peters,05343586258,2,10,2013,291
261,19599000732,Alessandra,Shelton,05803092259,1,1,1950,179
262,65123723803,Joseph,Berg,05843644284,2,4,2014,109
263,86545311896,Reginald,Ibarra,05178245452,1,10,1961,414
264,39295750900,Paula,Singh,05602598628,1,1,1938,499
265,50208434382,Tamia,Barnett,05363156749,1,5,1929,372
266,19104195329,Autumn,Henson,05687034600,1,5,1928,115
267,34483489371,Ariel,Lucero,05427890306,2,1,2006,403
268,90836865115,Clayton,Nash,05354533352,2,6,2002,29
269,20102730882,Esther,Gibbs,05482663920,1,3,1924,200
270,80220223686,Kelvin,Donaldson,05192759252,1,8,1963,401
271,48945229767,Aylin,Lozano,05630109789,1,5,1971,371
272,77398267618,Payten,Morales,05573206746,2,7,2013,43
273,94441678069,Simon,Harper,05208802247,1,1,1979,261
274,41770574803,Regina,Golden,05578930359,1,5,1932,187
275,14218340389,Tyson,Norman,05826754681,1,8,1988,492
276,80549660684,Anton,Hanna,05845444471,2,5,2016,45
277,15331821237,Kayley,Mccormick,05423852484,2,5,2014,221
278,99520755698,Alan,Mitchell,05657380541,1,6,1922,36
279,31232900948,Deborah,Johnston,05716984684,2,2,2009,279
280,40714237574,Cristina,Griffith,05582454575,2,6,2005,192
281,62912065009,Ivy,Glover,05105989217,2,10,2016,466
282,41379469269,Abel,Grant,05415319795,1,8,1989,236
283,50685911229,Teagan,Mercer,05257113797,2,5,2005,86
284,96256986773,Katelynn,Terrell,05271518687,1,8,1953,480
285,55467675856,Hallie,Hines,05739231913,1,0,1935,487
286,80288097813,Julia,King,05297751884,1,7,1917,218
287,76349258332,Kadyn,Costa,05771974471,1,0,1957,347
288,53849103855,Noel,Henry,05242647399,1,6,1934,20
289,39355370358,Brayan,Simmons,05719093358,1,1,1913,114
290,10490176360,Julius,Love,05450683993,1,7,1953,233
291,90805653462,Zachariah,Stevenson,05230064830,1,4,1966,388
292,68372547597,Quincy,Roberson,05160135380,2,2,2001,11
293,31746695639,Jaida,Myers,05132140147,2,9,2015,50
294,13684988839,Natalie,Spears,05127675529,2,7,2011,210
295,72782136475,Rachel,Clark,05855968577,2,6,2011,8
296,64096488767,Holly,Washington,05982377890,1,7,1958,289
297,75901172685,Karley,Le,05647542210,1,8,1942,54
298,95652078841,Lauryn,Leon,05660154258,1,7,1947,481
299,56271514565,Paola,Burnett,05542893518,1,6,1916,431
300,53998259764,Johnny,Waters,05982262201,2,4,2003,36
301,98455207288,Jairo,Bates,05509596232,1,6,1958,163
302,17280741014,Donovan,Orozco,05338035556,1,10,1948,60
303,51918986288,Miranda,Hardin,05645485364,1,5,1941,184
304,26724767469,Jasmin,Wright,05459148028,1,4,1953,241
305,32274152930,Janae,Olsen,05145626521,2,6,2011,102
306,49343725731,Oliver,Farrell,05607405750,2,0,2016,298
307,66157921437,Maverick,Jimenez,05225945937,2,4,2002,218
308,23447392931,Armani,Wall,05236236395,1,10,1951,317
309,69255607598,Ashleigh,Kemp,05626147283,1,6,1942,151
310,58499289672,Jameson,Nguyen,05625381554,2,0,2002,20
311,74520365400,Sarai,Wang,05541796068,1,8,1980,68
312,53096657541,Carmelo,Barry,05119210347,1,4,1941,321
313,26184471206,Gunner,Valentine,05891675760,1,4,1924,122
314,46137181355,Nathanial,Nunez,05442222593,1,8,1924,213
315,21651285065,Paisley,Paul,05356359694,1,3,1936,491
316,70299747142,Cassie,Lowery,05980806266,1,0,1967,336
317,74888847520,Taylor,Fritz,05311123830,2,0,2002,52
318,66215993740,Shelby,Bailey,05366524982,1,7,1963,424
319,95661698807,Naomi,Boyer,05162283630,2,2,2001,20
320,52372261099,Kelton,Atkins,05175167264,1,8,1932,445
321,22350477270,Dixie,Richard,05255691253,1,4,1942,329
322,94706613051,Milo,Mcdonald,05253006526,1,7,1957,112
323,14355253600,Casey,Newman,05551913732,1,10,1972,286
324,68836686796,Heath,Stevens,05288957149,2,2,2002,471
325,95562935972,Cullen,Bryan,05175741565,1,6,1921,38
326,57148173372,Aaden,Levine,05225825186,1,2,1924,80
327,84610274008,Curtis,Riddle,05755479975,2,3,2008,352
328,90894618331,Lizeth,Hinton,05511765613,2,3,2002,58
329,22295680295,Garrett,Hurley,05831391921,2,9,2014,189
330,71990221500,Kole,Hull,05494138864,1,1,1943,498
331,11157365127,Aidan,Juarez,05648432874,1,0,1942,104
332,20164119729,Prince,Mathis,05596709034,1,5,1980,44
333,39760664425,William,Duffy,05660521675,1,0,1968,353
334,63375713844,Jay,Manning,05244713212,2,4,2002,481
335,94633485426,Amber,Yu,05261896612,1,10,1930,24
336,40734299898,Ryleigh,English,05821393727,1,9,1933,229
337,89028489421,Sanaa,Haney,05144856775,2,1,2010,200
338,26274570223,Eugene,Rogers,05819151631,2,2,2012,122
339,50059522517,Brooks,Mays,05978703711,2,2,2003,50
340,82742855819,Corinne,Shah,05754960673,2,1,2008,23
341,85877338918,Bernard,Lowe,05919761294,2,2,2010,59
342,88789139753,Reilly,Ford,05924419739,1,0,1949,253
343,26041561738,Silas,Bennett,05921142997,2,0,2005,497
344,57413280682,Alina,Sloan,05571444809,1,3,1937,328
345,90641666121,Angel,Parrish,05690265309,1,9,1938,297
346,26141713576,Kassandra,Ballard,05418662337,2,1,2006,232
347,82238204147,Everett,Carson,05922519861,1,8,1966,376
348,62625100353,Miles,Kim,05633238430,1,10,1974,209
349,83950098146,Matthias,Melendez,05292201567,2,10,2000,80
350,63748897990,Jaydon,Lin,05475899089,2,5,2001,45
351,57481489388,Sammy,Fitzgerald,05304457577,2,3,2015,445
352,75275148249,Stella,Rowland,05886539017,2,6,2000,167
353,54395082408,Jace,Ali,05321277229,2,1,2016,353
354,60728932770,Carla,Pennington,05337957313,2,1,2008,82
355,31246186455,Max,Kane,05484469088,2,1,2009,230
356,16843794547,Jayson,Reed,05539647511,2,3,2010,209
357,30220627770,Jamison,Downs,05602509681,2,4,2010,41
358,10743455190,Keenan,Baker,05176268051,1,4,1960,240
359,23688563359,Larry,Hickman,05640983066,2,7,2000,179
360,63818191457,Macie,Tapia,05920594556,1,10,1934,425
361,23161823556,Mariela,Owen,05578622751,1,8,1954,46
362,88124783638,Gloria,Wagner,05527445133,1,1,1981,158
363,22920876456,Augustus,Franco,05587478701,1,1,1964,427
364,31855224932,Cierra,Wilkinson,05170405175,2,2,2005,313
365,48467988532,Joslyn,Preston,05164508594,1,8,1929,234
366,59337156238,Jase,Cline,05543477161,1,0,1939,160
367,23751813469,Sanai,Pittman,05541708937,1,10,1960,453
368,61785426282,Dania,Cardenas,05190627841,2,9,2001,79
369,38292661904,Niko,Norris,05515163242,1,0,1926,263
370,67868685300,Dakota,Hess,05442543535,2,9,2007,78
371,54477169587,Jaqueline,Schultz,05107006696,1,10,1925,222
372,43986072073,Luz,Santos,05480231553,2,3,2002,285
373,58740554409,Dallas,Greene,05710249919,2,6,2011,143
374,72223582938,Genesis,Saunders,05981582521,2,8,2016,366
375,90945128495,Emely,Shepherd,05748978197,1,3,1985,173
376,43829924287,Koen,Ho,05766869717,2,0,2000,447
377,40241020083,Yasmin,Mills,05343966659,2,2,2015,132
378,77330174781,Oswaldo,Carlson,05614236368,2,7,2013,117
379,10136960385,Aidyn,Arroyo,05379528588,1,3,1954,452
380,83183206515,Ramon,Jenkins,05327009134,1,0,1926,199
381,66263330024,Beckham,Graham,05596098126,2,4,2001,480
382,66988529373,Jaden,Jacobs,05727045050,1,0,1971,125
383,83060793690,Brayden,Ayala,05274823151,1,7,1957,337
384,23547466343,Michael,Pham,05240789463,2,3,2016,446
385,11366179938,Amari,Glenn,05681001709,2,4,2009,233
386,67001840488,Carmen,Esparza,05410502677,2,3,2003,29
387,73275844829,Frank,Patton,05402059155,2,2,2000,234
388,17706902930,Bethany,Blankenship,05153896260,1,9,1930,269
389,26145249989,Callum,Casey,05234664635,2,5,2008,257
390,63455959371,Bella,Mcfarland,05314989111,1,2,1931,51
391,92743416599,Jaiden,Foster,05909075036,2,3,2017,15
392,63525178638,Cassandra,Velasquez,05853725149,1,1,1979,440
393,71248447271,Darwin,Patterson,05298211477,1,0,1925,250
394,58712446219,Draven,Dennis,05747129995,1,5,1986,196
395,46423455842,Emily,Berry,05366721846,2,10,2006,394
396,95496839083,Darren,Mahoney,05139245614,2,3,2005,475
397,72322111769,Marquise,Lloyd,05994037349,2,6,2003,440
398,58167709201,Keaton,Moyer,05567726312,1,4,1979,144
399,33303971283,Kenna,Choi,05507741849,2,8,2012,63
400,35507113863,Camilla,Patrick,05499726870,1,9,1979,490
401,67295481626,Amiyah,Dickson,05729195789,1,5,1931,57
402,10993900011,Madilynn,Beck,05893756582,1,6,1977,159
403,90621674179,Octavio,Hutchinson,05261824975,2,7,2006,347
404,85174138866,Alec,Atkinson,05767632487,1,8,1931,449
405,63007194332,Rashad,House,05799305476,2,0,2011,402
406,67588063241,Nancy,Snow,05820354816,1,6,1928,150
407,10950408905,Reagan,Barrera,05657405672,1,9,1951,28
408,57744785098,Desiree,Brooks,05744874423,1,2,1982,238
409,24178175512,Elisha,Sparks,05304762944,2,9,2008,438
410,15526603456,Brycen,Norton,05830362028,2,4,2001,331
411,45724939239,Leah,French,05452173555,1,9,1925,139
412,31118806504,Jayvion,Caldwell,05112502823,2,3,2006,77
413,66917478131,Raphael,Ware,05510882856,1,7,1983,404
414,30315980651,Shaun,Friedman,05390936537,2,3,2005,156
415,73796056508,Jaydan,Cantrell,05499671333,1,6,1969,55
416,55340107259,Fletcher,Jensen,05814476602,2,8,2009,329
417,39771377617,Jaylon,Meadows,05355073563,2,8,2009,84
418,15994781682,Guillermo,Mcintyre,05215518787,1,5,1942,312
419,87455910039,Seamus,Wilkins,05883286704,2,9,2004,440
420,63670535062,Kianna,Merritt,05452015331,1,0,1924,42
421,46012105140,Kyra,Jarvis,05888040507,2,4,2004,286
422,78947730517,Lia,Bauer,05109160100,2,2,2016,498
423,84650056835,Emelia,Meyer,05285647844,2,7,2012,218
424,24854878053,Katherine,Yoder,05865387865,2,6,2012,20
425,24121902513,Urijah,Bray,05214424424,1,3,1942,305
426,73881421167,Deja,Carr,05560454999,2,2,2007,270
427,92394958718,Bailee,Erickson,05710669748,1,4,1963,197
428,50033761576,Elianna,Bender,05130977653,2,3,2004,118
429,11207691469,Terry,Rich,05194230472,2,5,2001,131
430,35846430092,Alonzo,Harvey,05922525768,1,2,1932,436
431,78070786465,Lexi,Everett,05736839990,2,8,2006,104
432,32270218389,Nash,Li,05945824418,1,1,1990,92
433,88950830152,Matthew,Hatfield,05456608772,1,3,1983,330
434,24375492570,Claudia,Dillon,05580086055,2,5,2007,263
435,54502315200,Kyla,Dominguez,05877262799,1,7,1976,101
436,53992938089,Allison,Middleton,05572649101,2,7,2009,492
437,73645053486,Jaime,Ball,05928466397,2,2,2007,8
438,61235476916,Sofia,Willis,05809427948,2,9,2001,38
439,81230666249,Tate,Gill,05409880371,1,9,1943,148
440,64481120071,Branden,Carroll,05945057198,2,1,2007,414
441,90429505549,Aniyah,Proctor,05645005386,1,7,1973,76
442,41253287753,Damaris,Barker,05852989643,2,5,2001,35
443,71480524971,Chace,Porter,05842943548,2,4,2016,347
444,47706324453,Morgan,Hays,05625036827,1,7,1973,49
445,26777192265,Joey,Cooley,05852305404,1,4,1976,396
446,90819483877,Jaelyn,Gallegos,05928101914,2,3,2004,333
447,50979132996,Joe,Velazquez,05274467337,2,1,2015,132
448,35497901018,Frederick,Keller,05290757286,1,5,1941,39
449,40032683559,Camryn,Montes,05571204307,2,9,2017,86
450,24176566167,Moriah,Mcclain,05739438434,1,3,1965,182
451,52290390539,Makaila,Acosta,05310347601,2,5,2010,419
452,39567838839,Maximilian,Mack,05447373038,2,0,2011,253
453,68587606919,Trevin,Kramer,05333079151,1,6,1956,94
454,67784879503,Braden,Knapp,05244957459,1,8,1972,223
455,47876450294,Cristopher,Armstrong,05442662160,2,9,2012,312
456,74041350908,Edith,Hobbs,05590229379,2,5,2013,445
457,88062304570,Mattie,Wiggins,05412007255,1,7,1936,280
458,75361167733,Lamar,Wade,05991168467,1,0,1930,355
459,30647029229,Dulce,Duke,05237232988,1,3,1938,294
460,87358838408,Wyatt,Weber,05646889328,1,7,1967,430
461,85353127116,Elias,Burch,05407417957,2,2,2011,333
462,77550446156,Irvin,Gonzalez,05734572517,2,7,2008,19
463,26664871666,Mateo,Powell,05982489586,2,7,2015,254
464,26950634671,Moses,Haley,05553413677,1,0,1983,299
465,17037270941,Wayne,Mcknight,05846366081,2,9,2008,232
466,75095996867,Damien,Madden,05458802514,2,6,2003,200
467,39439535376,Sergio,Rivas,05862150029,2,7,2006,453
468,97849253603,Antony,Bradshaw,05442912884,2,10,2002,353
469,51534681711,Donte,Rodgers,05151133167,2,0,2014,466
470,71324032015,Esteban,Murillo,05299842801,2,1,2004,406
471,74841292299,Mike,Ruiz,05729560457,2,9,2005,340
472,25270435945,Malakai,Clarke,05673249494,2,3,2017,18
473,71885721666,Gerald,Lamb,05369870640,2,2,2013,283
474,88462795192,Madelyn,Anthony,05373393477,1,2,1986,483
475,49801503025,Jakobe,Charles,05468408472,1,4,1982,368
476,29175529911,Cruz,Bright,05932407038,1,3,1939,462
477,22115493038,Mckayla,Tran,05300575852,1,4,1924,216
478,39037535760,Cynthia,Carrillo,05194381502,1,1,1977,6
479,60149538560,Tyler,Russo,05626767099,2,9,2010,394
480,70550779057,Kasey,Sosa,05195245780,2,9,2005,438
481,49046445064,Tobias,Callahan,05285970674,2,5,2012,208
482,13410836098,Adison,Dyer,05437931084,1,9,1942,342
483,97626106718,Sarah,Schneider,05908180633,1,0,1945,72
484,10214023834,Mckinley,Howe,05572339675,2,9,2011,36
485,47073325136,Scarlett,Malone,05983403322,2,5,2006,178
486,98874378511,Natasha,White,05773971265,1,10,1934,416
487,55825962106,Brogan,Raymond,05866256485,2,9,2016,415
488,68378586933,Damon,Cooper,05116715580,2,2,2009,158
489,29394781969,Kinley,Benton,05148447285,1,5,1988,176
490,80044150529,Reina,Tate,05667823617,1,5,1985,467
491,55647555749,Yurem,Roy,05862928891,2,7,2005,348
492,55089496232,Elliana,Kerr,05193003919,1,10,1932,389
493,35188459910,Shaniya,Brewer,05143276673,2,8,2015,23
494,53474552209,Cindy,Church,05687525354,2,2,2013,194
495,21086467927,Roselyn,Greer,05214485503,2,7,2009,322
496,20681833866,Braylen,Osborne,05182085127,2,5,2012,11
497,14572880411,Kaliyah,Mccarthy,05414996913,2,6,2003,440
498,89390042888,Giana,Flores,05380088977,2,2,2010,361
499,11303562486,Nolan,Moody,05398678452,1,7,1921,460
500,65664539832,Lucian,Holland,05620374143,2,9,2017,254
